6
5
14 15 16
22
5
4
39
4
43 44
27
18
18
21
18
18
18
43
27
70
28
71
66
83
85
86
83
34
42
32
69
69
8
16
21
24
8
8
45
46
42
41
41
52
41
49
50
56
13
74
16
79
67
41
42
59
46
47
87
42
42
120
121
116
127
129
128
54
49
147
47
41
152
154
155
152
16
12
31
54
2 11 12
20
19
20 23
19
31
7
8
26
2
42
42
42
55
42
7
7
42
54
42
42
45
71
42
42
42
42
10
84
42
102
44
42
42
148
42
3
42
42
7
156
166
168
160
158
7
184
192
195
195
196
196
3 4
2
26
2
23
49
22
22
8
8
8
8
3
21
21
49
2 49
15
78
8
4
78
29
8
10
16
5
24
9
1
35
17
1
